解得: k = 3.6108425711925705, a = 1.3046033998176572, b = 2.0576287627749563, t0 = 0.0, t1 = -0.012231459596762608
解得: k = 4.719188660254045, a = 1.303464112307452, b = 2.0553176287150876, t0 = 4.719188660254045, t1 = -0.023380777217666453, t2 = 9.749086746840558e-05



解得: k = 3.6108425711924292, a = 1.3046033998176596, b = 2.057628762774956, t0 = 1.283941144333708, t1 = 0.0
解得: k = 1.050616292182634, a = 1.2992908563709082, b = 2.051559302333971, t0 = -6557731092721.65, t1 = 26.1527706292013,




解得: k = 3.6108425711924292, a = 1.3046033998176596, b = 2.057628762774956, t0 = 1.283941144333708, t1 = 0.0
解得: k = 20.845014314426773, a = 1.302887917402657, b = 2.0548809285088545, t0 = 2.8384628531706707e-10, t1 = -0.6198901519350334,



解得: k = 20.845014314426773, a = 1.302887917402657, b = 2.0548809285088545, t1 = -0.6198901519350334,

3.09497076  1.30016076  2.06035794 -0.61998557


用最大值，不用取绝对值之后的最大值
解得: k = 3.8168207361801056, a = 1.3020167052322358, b = 2.063129919241586, t0 = 1.3394178080754973, t1 = 0.0
解得: k = 22.086587540621167, a = 1.3001607847042915, b = 2.0603579468379074, t1 = -0.6199855666943285,

Spearman Correlation Coefficient: 0.23077114620566738
P-value: 2.4576693208215767e-42

波形相关系数
Spearman Correlation Coefficient: 0.22341265108745484
P-value: 5.2154571811703144e-33



Q3 温度编码
Coefficients:
a0: 6.186924170808056e-07
a1: 0.1966118711835573
a2: 0.021881777939210464
a3: -0.0984577531292097
a12: -1.0986710725877958e-06
a13: -4.947274677391513e-07
a23: -1.8437948044366467e-07
a123: 3.121313763569806e-11

Q3 温度不编码
a0: 48254.573385202544
a1: -158.1033157791698
a2: -0.2519928611756105
a3: -0.21735803059244949
a12: 0.0009538193597101108
a13: 0.00037482194799932266
a23: 7.76314001039132e-06
a123: -2.9958200442442035e-08



a0: 1.3528560979328668
a1: 0.19660513484446449
a2: 0.021876019740737492
a3: -0.09846427944118223
a12: -1.0986410451368416e-06
a13: -4.946936411433923e-07
a23: -1.843527485508973e-07
a123: 3.121294904352256e-11



M-Spearman Correlation Coefficient: 0.14668294230623516
P-value: 1.349508235924005e-60

T-encode-Spearman Correlation Coefficient: 0.2206262572522704
P-value: 0.2206262572522704

T-Spearman Correlation Coefficient: -0.06925523845423108
P-value: -0.06925523845423108

W-spearman Correlation Coefficient: 0.2206262572522704
P-value: 0.2206262572522704







a0: 0.002539227305716865
a1: 0.0014445108854908575
a2: -1.007350084588356
a3: 1.3314822318918627
a4: 2.0707236371873523
a5: -1925.1004499526096
a6: 0.018620155914894392
a7: 1.2344098617520405
a8: 10065457.42370792





线性公式
a0=0.00339289922243324
a1=0.3412438034937597
a2=307608.11952462135
a3=1.3322762414310472
a12=2.0715722811095127
a13=-0.25959278969339233
a23=9.987378864165127e-09
a123=0.004754730659939079



208
17374.36187552
446680.0
0.038896664
139040.5959




